합계 3,556 2,025 293 491 1,241 635
일반 2,693 1,686 249 425 1,012 394
기초수급 683 198 30 32 136 224
의료급여 44 21 3 6 12 10
경감 136 120 11 28 81 7
합계 4,174 2,578 456 558 1,564 534
일반 3,286 2,126 390 485 1,251 365
기초수급 705 314 46 45 223 153
의료급여 38 11 2 2 7 10
경감 145 127 18 26 83 6
합계 5,628 3,356 298 638 2,420 1,217
일반 4,066 2,415 213 477 1,725 871
기초수급 1,135 574 50 104 420 313
의료급여 66 36 3 10 23 15
경감 361 331 32 47 252 18
합계 2,592 1,563 179 330 1,054 378
일반 2,140 1,298 152 277 869 314
기초수급 300 128 11 23 94 61
의료급여 31 19 1 3 15 3
경감 121 118 15 27 76 0
합계 7,842 4,818 440 885 3,493 1,661
일반 5,942 3,711 322 716 2,673 1,193
기초수급 1,289 586 60 88 438 432
의료급여 100 52 3 7 42 19
경감 511 469 55 74 340 17
합계 2,909 1,543 135 246 1,162 590
일반 2,256 1,180 116 194 870 444
기초수급 465 209 9 28 172 135
의료급여 44 25 2 5 18 4
경감 144 129 8 19 102 7
합계 4,120 2,279 202 431 1,646 948
일반 3,166 1,749 152 345 1,252 701
기초수급 726 345 31 50 264 229
의료급여 46 18 3 3 12 14
경감 182 167 16 33 118 4
합계 2,462 1,659 186 312 1,161 499
일반 1,714 1,142 122 232 788 349
기초수급 531 314 33 42 239 141
의료급여 27 23 5 3 15 2
경감 190 180 26 35 119 7
합계 966 572 58 83 431 247
일반 589 336 30 57 249 153
기초수급 315 182 22 17 143 86
의료급여 14 9 1 0 8 5
경감 48 45 5 9 31 3
합계 6,800 3,362 369 610 2,383 1,525
일반 5,014 2,459 256 466 1,737 1,115
기초수급 1,328 533 68 79 386 369
의료급여 62 31 3 8 20 13
경감 396 339 42 57 240 28
합계 574 360 47 62 251 110
일반 461 298 39 54 205 72
기초수급 90 41 4 6 31 36
의료급여 1 0 0 0 0 1
경감 22 21 4 2 15 1
합계 5,735 3,534 404 836 2,294 943
일반 4,532 2,743 310 644 1,789 748
기초수급 795 434 48 98 288 175
의료급여 66 43 3 12 28 10
경감 342 314 43 82 189 10
합계 1,555 922 149 191 582 350
일반 814 418 47 82 289 201
기초수급 638 415 93 96 226 142
의료급여 20 13 1 3 9 4
경감 83 76 8 10 58 3
합계 1,488 827 115 147 565 318
일반 1,111 653 93 121 439 202
기초수급 276 101 14 15 72 106
의료급여 27 18 0 2 16 5
경감 74 55 8 9 38 5
합계 2,708 1,448 171 337 940 564
일반 2,022 1,195 140 282 773 330
기초수급 502 121 14 24 83 212
의료급여 40 14 2 3 9 14
경감 144 118 15 28 75 8
합계 1,483 836 131 193 512 206
일반 1,247 717 117 162 438 173
기초수급 157 59 4 10 45 29
의료급여 19 10 3 1 6 2
경감 60 50 7 20 23 2
합계 1,582 1,020 118 250 652 320
일반 1,203 811 96 212 503 220
기초수급 288 131 16 26 89 95
의료급여 10 6 0 0 6 1
경감 81 72 6 12 54 4
합계 8,805 5,832 969 1,227 3,636 878
일반 7,467 5,035 842 1,074 3,119 749
기초수급 864 374 59 66 249 113
의료급여 69 45 8 9 28 11
경감 405 378 60 78 240 5
합계 4,740 2,611 226 454 1,931 1,033
일반 3,518 1,923 168 355 1,400 775
기초수급 914 416 38 64 314 249
의료급여 47 29 5 1 23 4
경감 261 243 15 34 194 5
합계 2,746 1,643 193 344 1,106 541
일반 2,069 1,261 151 268 842 367
기초수급 508 225 24 51 150 169
의료급여 25 18 1 2 15 3
경감 144 139 17 23 99 2
합계 2,544 1,601 155 295 1,151 488
일반 1,989 1,243 125 226 892 371
기초수급 407 227 19 44 164 110
의료급여 24 16 2 3 11 5
경감 124 115 9 22 84 2
합계 4,220 2,709 299 565 1,845 540
일반 3,308 2,120 240 435 1,445 419
기초수급 626 333 37 73 223 112
의료급여 39 23 2 7 14 7
경감 247 233 20 50 163 2
합계 2,584 1,583 179 386 1,018 421
일반 1,986 1,238 143 308 787 317
기초수급 440 202 22 40 140 101
의료급여 21 15 5 5 5 0
경감 137 128 9 33 86 3
합계 3,204 1,800 185 395 1,220 678
일반 2,177 1,257 123 280 854 412
기초수급 799 350 42 78 230 249
의료급여 49 32 3 9 20 9
경감 179 161 17 28 116 8
합계 2,175 1,427 154 337 936 391
일반 1,624 1,042 109 266 667 284
기초수급 385 233 28 41 164 100
의료급여 13 8 2 2 4 3
경감 153 144 15 28 101 4
합계 5,819 3,580 609 929 2,042 712
일반 4,274 2,797 467 727 1,603 454
기초수급 1,087 399 90 91 218 235
의료급여 147 85 5 22 58 22
경감 311 299 47 89 163 1
합계 4,781 2,538 291 499 1,748 1,123
일반 3,388 1,823 218 378 1,227 784
기초수급 1,064 445 41 69 335 310
의료급여 54 23 1 5 17 14
경감 275 247 31 47 169 15
합계 2,942 1,788 146 289 1,353 600
일반 2,165 1,297 99 206 992 440
기초수급 552 291 30 40 221 149
의료급여 26 16 0 3 13 5
경감 199 184 17 40 127 6
합계 2,677 1,676 204 440 1,032 415
일반 2,105 1,306 162 339 805 316
기초수급 421 231 30 66 135 94
의료급여 27 19 1 5 13 3
경감 124 120 11 30 79 2
합계 2,611 1,424 184 219 1,021 507
일반 2,058 1,133 149 178 806 388
기초수급 356 141 13 20 108 101
의료급여 40 20 2 4 14 13
경감 157 130 20 17 93 5
합계 4,310 2,584 292 534 1,758 739
일반 3,257 2,003 223 410 1,370 551
기초수급 762 333 42 64 227 177
의료급여 59 31 2 5 24 10
경감 232 217 25 55 137 1
합계 3,169 2,027 250 424 1,353 525
일반 2,328 1,570 205 349 1,016 342
기초수급 638 274 23 41 210 177
의료급여 25 14 2 2 10 4
경감 178 169 20 32 117 2
합계 1,738 1,062 124 254 684 240
일반 1,214 783 96 194 493 157
기초수급 398 172 13 37 122 82
의료급여 25 18 3 3 12 1
경감 101 89 12 20 57 0
합계 2,620 1,427 242 329 856 503
일반 1,940 1,080 187 248 645 345
기초수급 501 193 30 48 115 151
의료급여 18 6 0 0 6 6
경감 161 148 25 33 90 1
합계 6,479 4,149 442 869 2,838 984
일반 5,375 3,439 379 730 2,330 798
기초수급 737 397 36 64 297 167
의료급여 61 33 2 3 28 12
경감 306 280 25 72 183 7
합계 4,949 2,878 344 586 1,948 941
일반 3,823 2,263 281 474 1,508 719
기초수급 836 373 44 61 268 196
의료급여 44 21 1 5 15 15
경감 246 221 18 46 157 11
